0.31441039535088
0.36238261235759
0.37390273639845
0.41636337929671
0.46484059706265
0.35390617196178
0.41243518582375
0.30989728167212
0.40701266059988
0.15945925487635
0.21776236459809
0.37669818831529
0.35424786645286
0.22856905193620
0.51360946578429
0.32058976766655
0.51771586976906
0.49337912778319
0.46309816791970
0.38330320611700
0.31471908214848
0.44194593100989
0.35509949099354
0.37238741486166
0.29395205562413
0.31874223409824
0.21137872481791
0.29324240207649
0.34985168879823
0.31205691455050
0.30390088468575
0.34648714187086
0.31932194380149
0.27591347001143
0.31137793879561
0.36054583349180
0.30510530925146
0.30798195939525
0.40595316865029
0.43415742390393
0.33182499774692
0.36038578366069
0.39508932008450
0.23610033207364
0.35713303237294
0.47883100576977
0.41726345247055
0.40856455855993
0.28426217197581
0.32139781679843
0.49845496634224
0.34624902700070
0.16017790049268
0.29578343484277
0.31403626805265
0.25538569124421
0.33761802863008
0.37123808826765
0.38019456919581
